%%                              colors.m
%--------------------------------------------------------------------------
%
% Loads several discrete gradients of colors
%
%--------------------------------------------------------------------------
% 
color.cmocean_balance = [   0.0932    0.1112    0.2615
                            0.0427    0.3716    0.7452
                            0.4573    0.6649    0.7434
                            0.9445    0.9269    0.9237
                            0.8158    0.5446    0.4520
                            0.6519    0.1358    0.1433
                            0.2361    0.0353    0.0694  ];
%
color.cmocean_balance_l = [ 0.0932    0.1112    0.2615
                            0.1333    0.1678    0.3921
                            0.1591    0.2222    0.5369
                            0.1453    0.2825    0.6877
                            0.0427    0.3716    0.7452
                            0.1078    0.4560    0.7338
                            0.2185    0.5308    0.7282
                            0.3309    0.6006    0.7313
                            0.4573    0.6649    0.7434
                            0.5898    0.7254    0.7714
                            0.7158    0.7879    0.8139
                            0.8356    0.8555    0.8664
                            0.9445    0.9269    0.9237
                            0.9057    0.8325    0.8119
                            0.8734    0.7352    0.6914
                            0.8443    0.6396    0.5708
                            0.8158    0.5446    0.4520
                            0.7859    0.4488    0.3380
                            0.7527    0.3493    0.2342
                            0.7125    0.2423    0.1580
                            0.6519    0.1358    0.1433
                            0.5622    0.0643    0.1597
                            0.4530    0.0561    0.1550
                            0.3426    0.0538    0.1199
                            0.2361    0.0353    0.0694 ];
%
color.multig_spectral = [   0.3686    0.3098    0.6353
                            0.2980    0.6471    0.6941
                            0.6706    0.8667    0.6431
                            0.9490    0.9196    0.5706
                            0.9922    0.6824    0.3804
                            0.8961    0.3353    0.2863
                            0.6196    0.0039    0.2588  ];
%
color.cmocean_matter =  [   0.9943    0.9303    0.6911
                            0.9690    0.6993    0.4844
                            0.9204    0.4719    0.3461
                            0.8104    0.2657    0.3382
                            0.6229    0.1406    0.3861
                            0.4030    0.0959    0.3623
                            0.1852    0.0591    0.2430  ];
   
